[app/ui]
version = 6.5.0
modtime = 1479901304.140175000

[app/launcher]
version = 6.5.0
modtime = 1479901304.143152000

[app/install/state]
version = 6.5.0
modtime = 1480078425.501680000
